FoamFile
{
    version     2.0;
    format      ascii;
    class       faceList;
    location    "constant/polyMesh";
    object      faces;
}

689315    
(
3(96988 101457 98146)
3(101962 113199 87134)
3(102759 92105 92238)
3(99860 99584 101687)
3(92563 112311 92504)
3(90053 101976 89820)
3(101690 102301 102300)
3(113568 111080 109736)
3(94159 103018 94158)
3(113579 103085 109420)
3(113934 109817 111761)
3(101627 101628 101626)
3(101587 92714 103252)
3(93358 102689 93361)
3(101530 101531 101529)
3(102037 102036 88659)
3(104737 112216 103989)
3(103517 103504 103505)
3(103505 103504 103503)
3(108201 113432 102206)
3(89314 89313 102137)
3(101790 101789 97759)
3(90605 101324 90604)
3(101465 101466 94832)
3(102077 102076 102074)
3(110561 113534 100936)
3(102712 114001 103959)
3(102256 91239 102255)
3(99323 102139 99322)
3(102274 102273 100086)
3(102274 112156 100086)
3(103856 103855 103854)
3(103822 88085 88079)
3(100936 113534 100933)
3(103026 89549 103025)
3(94310 104092 104091)
3(101655 96027 96028)
3(87635 103435 89553)
3(104065 104066 104064)
3(102632 102631 102419)
3(102435 102436 97297)
3(103774 103818 103817)
3(104263 112438 103231)
3(112859 90582 90581)
3(102030 102029 102028)
3(102075 102077 102074)
3(103714 103715 91882)
3(93479 103234 103567)
3(108514 114008 107329)
3(102528 102527 112943)
3(102647 86929 86928)
3(103097 99964 103700)
3(101990 101989 98486)
3(101699 101672 101489)
3(102392 96124 96122)
3(103981 103980 101651)
3(104416 104415 95982)
3(102457 102456 102454)
3(103718 92888 92890)
3(94577 94630 101422)
3(102018 104565 104563)
3(103066 103067 103065)
3(100292 101470 100293)
3(109487 113882 93055)
3(104618 104617 104615)
3(112606 100356 100353)
3(112794 113710 105899)
3(104374 95306 95379)
3(92074 105097 92073)
3(101714 98349 98350)
3(91581 108119 101364)
3(102376 105082 107138)
3(104901 104902 104900)
3(102655 91454 88461)
3(102426 102428 102425)
3(111086 105364 105367)
3(90522 102848 90521)
3(110818 112268 105074)
3(104179 93292 93465)
3(104616 104618 104615)
3(107996 112359 98793)
3(105463 94262 105464)
3(102301 105168 102155)
3(96481 112123 97090)
3(105333 113689 90560)
3(105354 104177 93465)
3(103845 103844 103843)
3(101623 99481 114121)
3(103124 99274 99279)
3(102535 102537 102534)
3(104377 105317 98850)
3(103564 103565 101816)
3(104294 103656 104431)
3(104062 105157 90204)
3(103403 91468 91136)
3(104221 104222 104220)
3(105773 93783 93740)
3(104690 104691 104689)
3(104400 101692 104398)
3(102655 91454 91461)
3(102906 102907 102905)
3(101688 99860 101687)
3(100957 100953 110159)
3(105893 103677 105891)
3(104324 103080 104323)
3(105910 90838 90853)
3(104003 101872 104002)
3(113285 102196 105940)
3(104933 103858 92507)
3(88086 103822 88085)
3(92975 101833 92977)
3(103701 105969 99968)
3(107940 101628 105646)
3(104905 109233 102326)
3(101495 101496 101361)
3(113629 94557 112306)
3(113380 96374 112065)
3(94069 112374 108810)
3(102195 102194 102193)
3(105928 103294 97928)
3(105369 99514 100299)
3(90717 112583 90718)
3(101603 94278 104206)
3(94099 108653 112443)
3(113129 106617 101497)
3(112665 107912 107553)
3(101384 101386 101383)
3(105468 105470 101512)
3(89094 102896 89091)
3(102395 87549 104656)
3(102792 102791 102790)
3(87287 102500 87572)
3(106298 112535 106026)
3(104005 113924 113221)
3(103223 103222 103221)
3(105227 106853 102184)
3(113215 113439 105745)
3(105170 91763 91664)
3(105170 91963 91763)
3(104153 87865 87137)
3(105680 101647 105679)
3(109781 114043 97282)
3(102914 104922 104920)
3(90262 105011 90258)
3(92608 105957 92334)
3(105957 92609 92334)
3(101390 101389 101387)
3(112166 94752 106492)
3(113624 106506 106505)
3(87188 102929 87928)
3(101291 95425 102666)
3(98624 98031 104061)
3(104995 104997 104994)
3(90667 104154 90886)
3(113338 110342 110112)
3(106313 112981 105902)
3(101748 101749 101747)
3(104182 88571 88840)
3(101064 99012 104188)
3(87835 102603 87828)
3(92151 103040 92150)
3(102903 102902 96527)
3(98638 105948 97066)
3(105994 90745 90750)
3(106173 105475 87540)
3(106626 89697 105423)
3(103403 91468 91843)
3(104599 101235 101236)
3(106285 97804 86994)
3(106143 106142 106141)
3(89900 102919 89899)
3(103705 105952 105950)
3(98344 101357 100694)
3(102773 102772 102770)
3(112504 91313 91312)
3(104860 104859 104858)
3(102607 102608 101996)
3(88085 103823 88079)
3(102546 102545 99277)
3(97868 103786 97869)
3(98120 98121 102058)
3(113595 113468 88606)
3(102218 101450 96015)
3(102280 102281 102279)
3(104061 98031 98625)
3(96455 103129 103130)
3(103195 106627 93771)
3(106563 106564 106562)
3(105221 105222 104861)
3(103514 103516 94413)
3(103792 89886 89888)
3(112124 103547 104566)
3(106897 113105 106896)
3(103990 93908 107127)
3(87187 101900 87483)
3(103111 103110 101663)
3(103111 105407 103110)
3(104113 95855 95862)
3(103541 89287 89288)
3(88985 103998 88987)
3(104962 100499 100209)
3(103062 103063 103061)
3(103061 103063 106329)
3(102260 101659 102259)
3(112087 103739 103737)
3(104409 89342 89569)
3(103800 103153 103152)
3(103152 103153 101931)
3(98709 98710 106989)
3(107528 113400 106640)
3(103080 113172 104323)
3(113431 95830 105753)
3(103933 92522 92515)
3(106200 103104 106199)
3(105295 106483 97621)
3(101602 101601 101599)
3(110395 112195 110404)
3(104020 104021 104019)
3(101594 87556 87565)
3(87556 101447 87565)
3(92890 104779 92888)
3(103980 103981 103979)
3(104728 93239 104727)
3(87150 101545 87886)
3(97123 104249 97869)
3(103786 97123 97869)
3(113495 103998 87330)
3(107132 107133 88028)
3(105062 105399 101730)
3(101898 89609 89392)
3(101961 102922 106261)
3(106829 104216 101769)
3(106733 106734 102578)
3(106386 104510 103981)
3(112734 98930 104712)
3(102992 102991 102990)
3(106734 106733 106732)
3(106555 87454 87456)
3(102411 106564 106562)
3(98554 105280 106359)
3(104064 104066 102571)
3(106037 106038 106036)
3(103778 92821 92506)
3(105285 105572 103443)
3(106267 99040 101583)
3(89304 103417 86943)
3(103586 94023 107038)
3(106844 109088 103088)
3(103549 103548 103546)
3(100176 113004 107840)
3(102663 102662 102661)
3(101279 106076 107353)
3(106855 106854 89713)
3(105400 111481 105879)
3(97080 107246 97084)
3(110604 94768 94653)
3(102147 113613 102063)
3(106924 106925 94166)
3(93712 113508 93705)
3(102296 102298 102072)
3(107462 105739 107625)
3(102094 93447 93601)
3(103608 101662 103607)
3(107086 102231 101330)
3(90890 106783 90148)
3(94752 106492 95361)
3(107418 95769 95770)
3(102947 103130 103128)
3(99179 102082 102080)
3(104426 105078 105077)
3(103284 101480 90142)
3(103006 104341 92334)
3(95766 107549 95765)
3(103557 103964 92824)
3(88843 88469 102190)
3(104245 104244 104242)
3(101586 88860 88324)
3(94692 94689 112214)
3(103844 103845 102260)
3(101841 92975 101838)
3(104508 101944 104509)
3(95006 103283 95007)
3(91256 111780 91257)
3(104676 98280 98284)
3(95293 104157 104156)
3(106597 106596 106595)
3(90777 106378 91130)
3(105506 112973 105394)
3(113517 111916 111724)
3(103767 96642 113035)
3(101510 101884 101883)
3(105748 101806 101809)
3(103338 113411 101600)
3(93683 107252 102617)
3(101746 107754 96174)
3(106321 90931 90930)
3(113674 109143 105642)
3(104745 106667 94597)
3(106860 106861 106859)
3(104510 103981 102520)
3(104513 102574 103842)
3(104118 101735 99597)
3(104004 97254 97253)
3(106931 106932 107112)
3(93782 105773 93740)
3(112960 102130 102131)
3(92905 103628 92906)
3(112018 104414 96736)
3(95466 112792 95182)
3(112550 105411 105412)
3(106602 106601 105479)
3(103067 103066 103064)
3(105522 105521 104926)
3(104747 103754 93942)
3(94422 106742 94420)
3(104978 104784 104394)
3(101992 87040 101991)
3(98005 106355 96593)
3(87681 102542 88209)
3(106076 101279 107534)
3(106495 107205 100705)
3(107179 107178 104387)
3(112286 107318 101319)
3(104310 96269 95963)
3(109879 113813 107803)
3(108173 88381 103518)
3(101707 101706 101704)
3(112124 113741 103547)
3(113195 113407 103589)
3(98867 97337 104372)
3(101635 103874 103902)
3(95767 105804 95758)
3(104981 104980 104979)
3(103433 103434 103432)
3(90368 102932 90550)
3(103956 112442 108208)
3(101409 96017 96019)
3(113788 109635 104696)
3(102723 106551 106550)
3(97265 103581 97268)
3(113797 107546 107548)
3(102537 103842 102536)
3(110579 113141 94081)
3(105288 104409 89342)
3(105376 101686 102126)
3(113986 88049 113477)
3(94684 94098 101901)
3(87847 105285 88051)
3(113758 104407 88999)
3(90321 103730 90486)
3(113703 103109 102739)
3(108510 112596 98077)
3(105452 105453 104403)
3(113442 105713 98541)
3(105591 88454 88194)
3(102783 97441 104205)
3(107748 113947 105001)
3(105552 94265 94445)
3(113717 107204 107203)
3(104883 93188 93133)
3(112236 113337 93978)
3(101696 101695 101693)
3(86908 14713 14504)
3(103552 89457 89458)
3(108046 100044 100045)
3(92788 106649 95779)
3(107643 102469 102260)
3(110014 112297 107557)
3(88881 108323 87220)
3(88020 103431 88021)
3(104506 104505 100157)
3(112438 103231 104265)
3(102260 102468 102469)
3(114059 96365 98429)
3(113105 103560 106314)
3(107066 107067 106194)
3(107766 91804 91927)
3(105670 104937 107411)
3(93894 94867 101469)
3(102202 102204 102201)
3(105922 105924 104340)
3(103805 102772 103804)
3(108500 101933 106602)
3(113555 102546 102545)
3(101340 93811 93813)
3(98073 102088 98072)
3(113552 87828 87829)
3(113931 106905 108651)
3(96656 98918 106504)
3(104973 90715 91426)
3(103339 112294 102381)
3(102937 102938 90034)
3(96109 113321 96101)
3(107575 106596 107574)
3(101817 101818 98642)
3(108575 106720 108573)
3(104864 104863 104862)
3(87454 106555 87457)
3(107918 102692 107893)
3(107907 105562 99458)
3(106333 107801 98283)
3(102494 102493 102491)
3(108002 104385 104197)
3(95037 104911 104910)
3(103698 96478 96477)
3(97956 96555 105821)
3(107765 107767 106587)
3(105141 104355 97100)
3(101567 113044 103230)
3(108621 108622 103450)
3(105776 105777 90782)
3(104643 104642 104640)
3(102107 102106 105695)
3(101327 102219 101331)
3(99718 108338 108337)
3(101433 97030 96527)
3(112668 112194 111989)
3(102134 102133 102132)
3(113844 96957 113729)
3(105815 108488 105814)
3(100968 100342 106101)
3(101989 101990 98990)
3(105190 112264 101269)
3(98224 110916 112817)
3(104630 104631 104629)
3(102925 91246 105982)
3(102925 105982 107520)
3(107570 107569 107568)
3(104361 104389 104387)
3(108836 110216 112209)
3(108561 108560 102283)
3(101551 96804 103758)
3(88773 101484 101706)
3(101523 101522 101520)
3(102607 101996 102606)
3(107931 107930 101574)
3(113703 106857 102738)
3(103079 103078 91386)
3(96135 96131 107412)
3(88398 104510 88405)
3(107275 107274 107273)
3(107689 109475 101380)
3(110143 108236 104950)
3(108361 108360 105196)
3(103681 95295 95302)
3(93377 101753 93375)
3(101451 106917 102883)
3(107133 103660 113631)
3(113715 107210 102488)
3(104867 104866 99907)
3(103311 97964 100243)
3(94067 112374 94075)
3(108663 87300 87291)
3(96487 107118 96483)
3(99225 108492 99224)
3(89644 104403 91723)
3(101695 101696 101694)
3(88971 106632 105330)
3(88339 104200 88338)
3(105768 99984 99983)
3(105196 105107 108360)
3(101879 90247 90245)
3(94557 112393 94563)
3(97203 112170 97812)
3(100493 107162 99937)
3(108308 89279 110343)
3(104748 113757 105869)
3(99857 104645 102157)
3(113420 103767 113035)
3(104505 104506 104504)
3(89322 112823 89717)
3(102750 96711 96702)
3(109395 112257 105828)
3(104509 108603 104507)
3(112446 105034 104537)
3(108925 112297 107557)
3(95385 112184 95387)
3(105507 101829 111607)
3(96408 110935 96416)
3(104301 104102 105219)
3(106741 102355 105668)
3(104374 105236 107950)
3(90990 112646 90987)
3(101872 102754 102753)
3(103547 103549 103546)
3(108858 104273 103276)
3(87308 105164 87311)
3(102642 102629 102626)
3(103135 103134 102729)
3(108996 102504 114022)
3(111141 113407 106350)
3(105001 102928 104999)
3(95494 104272 95516)
3(105940 102194 102196)
3(102204 87398 105600)
3(103032 112893 94070)
3(101573 104301 104299)
3(106096 101573 104299)
3(112434 103607 109773)
3(112642 111975 104189)
3(97994 113336 97997)
3(94687 111350 102318)
3(102318 112214 94687)
3(96000 106215 96676)
3(92117 101411 92295)
3(106889 112255 108775)
3(108775 112255 101693)
3(102909 105018 107948)
3(104359 104361 104358)
3(105924 105923 104340)
3(104002 105939 101872)
3(104539 88095 87585)
3(90479 105966 90480)
3(113416 100593 100405)
3(100593 113416 100407)
3(107802 92254 92253)
3(106935 106937 106934)
3(101315 101958 101957)
3(89875 101923 89871)
3(98642 101817 99806)
3(91230 108910 91099)
3(102951 93347 93437)
3(100529 105147 103329)
3(102855 97195 97196)
3(90134 105465 90135)
3(94243 105567 94250)
3(106973 106887 106972)
3(101848 14491 86919)
3(108337 99718 106190)
3(97563 105486 93035)
3(100571 105118 100575)
3(100571 100911 105118)
3(90997 103594 91932)
3(109203 95163 104554)
3(105788 107332 107333)
3(107333 107332 108325)
3(88218 102718 88235)
3(102647 104526 14493)
3(102175 103617 106182)
3(101748 102437 101747)
3(107967 103197 95296)
3(102651 106178 106177)
3(112956 95064 95063)
3(113265 108207 103118)
3(104786 113652 112204)
3(112306 94556 94557)
3(112306 94557 94560)
3(106675 107898 107897)
3(109233 92601 102326)
3(108170 108796 93423)
3(108093 108094 98091)
3(105123 113750 108801)
3(107907 113694 99458)
3(93107 107285 93117)
3(104019 104021 104018)
3(102040 90324 91054)
3(91053 90324 102040)
3(93175 112815 110267)
3(103573 104023 88061)
3(113604 90551 102932)
3(92756 104777 92757)
3(104777 92755 92757)
3(104377 105317 98852)
3(96852 101937 97311)
3(104371 109246 104709)
3(102584 102585 102583)
3(102546 113555 99277)
3(104239 104238 104237)
3(96189 106821 96200)
3(107232 95328 104256)
3(107982 106691 107981)
3(105483 88979 88978)
3(101521 113128 102586)
3(98500 98499 102901)
3(104118 105401 99604)
3(102218 96014 98895)
3(103066 88573 105707)
3(103123 103545 103544)
3(113439 109507 105745)
3(91344 105021 91471)
3(98037 112470 96739)
3(87255 106840 87259)
3(103611 93173 93168)
3(88858 105929 106793)
3(104120 91822 104119)
3(104140 88535 89532)
3(108193 106533 108192)
3(92481 101536 92478)
3(90656 106907 90659)
3(103832 106185 96504)
3(105081 96185 96665)
3(101481 88707 101480)
3(98121 98118 102058)
3(103179 102773 102772)
3(109071 109073 104650)
3(93536 109364 101288)
3(110449 91484 91451)
3(107175 105860 106363)
3(95559 113470 105306)
3(101788 95879 104397)
3(91321 102313 90963)
3(105241 108554 108553)
3(103896 102868 103894)
3(96262 103130 102946)
3(106910 106911 106909)
3(98321 103171 98522)
3(102821 107029 102823)
3(94612 109142 94610)
3(105753 92732 95830)
3(109265 108336 102540)
3(109181 96201 104204)
3(95789 108841 95786)
3(92883 92879 105968)
3(87473 106208 87472)
3(88148 106208 87473)
3(106319 107687 93325)
3(87219 103654 103652)
3(107374 100498 99899)
3(97338 105566 105912)
3(107550 106766 104340)
3(103898 89073 89074)
3(107434 107191 101539)
3(106144 106143 106141)
3(106366 101519 106037)
3(106038 106366 106037)
3(106876 88027 106875)
3(89577 105305 105304)
3(103765 103766 103764)
3(103920 99496 99942)
3(107500 113368 108078)
3(113367 113368 107500)
3(106489 106491 89328)
3(105391 99084 104884)
3(111560 112175 101345)
3(97376 103251 97372)
3(95252 103029 94723)
3(109486 104191 109485)
3(106663 113511 110501)
3(102754 102755 102753)
3(109501 92276 108478)
3(109491 101495 109490)
3(113088 109350 108733)
3(102391 91917 91889)
3(106616 14478 14480)
3(104217 113997 113197)
3(96189 106821 96191)
3(106002 101870 102954)
3(102132 105947 105946)
3(102782 111573 109535)
3(95493 95248 102963)
3(99204 99198 104287)
3(108720 105780 107855)
3(102347 102346 91660)
3(101946 104435 103878)
3(108906 113465 105123)
3(105123 113465 113750)
3(109727 112612 105110)
3(101683 101684 102041)
3(101102 105635 105637)
3(108737 108736 108735)
3(101340 113703 112493)
3(99580 103506 99579)
3(105713 113442 99244)
3(109558 109557 103923)
3(113689 113535 90558)
3(102120 97457 98602)
3(113221 104005 98561)
3(104008 104005 113221)
3(105105 109428 109427)
3(108190 106359 108189)
3(96199 106821 96189)
3(113345 113913 107637)
3(108309 108308 89279)
3(106585 108004 108186)
3(98304 109269 97220)
3(109269 107497 97220)
3(99141 104306 99149)
3(90144 112237 91506)
3(101532 106610 102282)
3(109112 102424 97763)
3(100839 104867 99907)
3(97665 101842 102756)
3(87261 109036 87695)
3(106426 107009 104086)
3(112583 90717 91803)
3(91179 109435 91173)
3(114115 110839 88544)
3(89810 104729 112415)
3(112624 105507 101829)
3(105670 113506 113122)
3(103305 103307 103304)
3(103694 110492 102837)
3(103314 95601 102777)
3(106853 105830 102184)
3(102184 102183 106853)
3(96275 102345 102343)
3(102127 103785 101685)
3(112188 102127 101685)
3(96412 105592 96413)
3(103996 103117 103116)
3(106697 109451 109449)
3(109134 112873 110507)
3(103442 105282 105281)
3(105516 90720 90719)
3(89946 108445 89942)
3(102086 112680 108788)
3(107909 92085 92165)
3(104510 104757 102520)
3(107711 102786 106694)
3(103532 113517 111724)
3(100540 109529 100541)
3(109664 107309 109663)
3(109329 89668 89209)
3(90283 106161 90074)
3(106441 99727 106303)
3(106950 106948 103538)
3(104599 108524 105052)
3(104577 109126 104576)
3(107608 107609 107607)
3(101616 102800 102799)
3(94777 102393 95324)
3(111141 113407 104189)
3(109397 91900 90086)
3(95963 112692 96269)
3(103975 106235 106996)
3(88530 107013 88529)
3(107582 109551 112879)
3(106002 102954 104101)
3(105332 105331 105329)
3(103908 109400 103238)
3(103908 103238 103907)
3(90490 104737 90492)
3(107179 102120 104697)
3(113778 96880 105225)
3(92888 103718 92889)
3(114043 113752 109781)
3(14760 108859 14771)
3(106882 106669 96469)
3(102740 93283 93297)
3(106386 88400 101954)
3(98479 102940 98480)
3(94500 106398 94498)
3(92495 105835 92496)
3(97759 103626 98263)
3(107576 104407 103238)
3(103089 109088 106844)
3(88606 101352 89645)
3(104416 104415 96731)
3(101064 104188 98648)
3(105318 105644 98851)
3(104431 103656 102062)
3(100616 107988 100047)
3(103936 103938 103935)
3(101348 103119 103118)
3(93476 103608 93474)
3(103175 87507 87621)
3(102443 104733 91867)
3(103665 103667 102159)
3(98280 104676 98281)
3(104378 105259 105258)
3(88435 101877 88434)
3(106036 105563 99466)
3(101804 101803 101802)
3(108625 104550 104551)
3(104551 104550 104549)
3(104510 88400 88405)
3(88400 104510 101954)
3(96076 106811 96757)
3(94043 109687 112974)
3(109614 102837 103694)
3(104398 104400 105811)
3(89713 106855 90875)
3(105574 105382 105573)
3(96253 103130 102946)
3(98144 101582 98145)
3(102906 103608 103607)
3(98926 103369 96135)
3(113652 99615 99614)
3(107325 113164 101742)
3(102568 105097 103148)
3(107162 99759 104302)
3(100013 104439 100011)
3(107622 92992 92942)
3(104295 107622 92942)
3(103103 113761 112161)
3(108722 108721 87879)
3(87878 108721 108722)
3(101578 112220 99722)
3(104361 104360 104358)
3(104361 104696 104360)
3(87634 87629 109110)
3(104302 104304 100917)
3(99759 104304 104302)
3(109786 105690 108266)
3(112362 108189 109051)
3(101872 109041 102753)
3(113444 109802 103368)
3(108829 92623 92631)
3(101958 101956 101315)
3(98376 102728 97318)
3(107171 103032 109533)
3(112570 113543 104186)
3(103770 103771 103769)
3(108408 108407 92440)
3(94442 106380 94264)
3(88758 103604 88753)
3(99437 101583 106267)
3(104653 92236 92256)
3(110648 113692 105046)
3(99068 113559 99076)
3(101486 101488 101485)
3(90843 108674 91210)
3(102583 102585 107646)
3(106490 106489 89328)
3(87168 105995 87161)
3(103071 112881 91638)
3(104797 104796 104794)
3(104684 87502 104187)
3(93994 93993 102944)
3(105027 108237 104951)
3(101794 94981 94980)
3(101635 101636 101634)
3(103055 113346 114120)
3(102557 109285 109284)
3(108677 101250 104132)
3(109469 112538 107401)
3(113348 109469 107401)
3(101470 100296 100293)
3(104099 108221 107103)
3(102384 112497 107598)
3(107015 108287 107014)
3(92835 113061 109208)
3(96477 102790 96478)
3(112129 100416 100415)
3(105284 104552 105283)
3(97523 101812 95920)
3(112474 102966 107853)
3(107904 107355 90496)
3(104921 107637 104685)
3(93762 94017 104681)
3(93761 104681 94017)
3(101457 96989 98979)
3(96989 101457 98146)
3(103069 103070 103068)
3(102774 103070 103069)
3(107512 98076 98888)
3(108099 98241 98494)
3(103389 105504 99021)
3(108914 87519 87512)
3(113890 101309 111020)
3(87455 106555 87454)
3(108231 106330 103641)
3(106810 89561 89245)
3(93523 93397 108657)
3(98706 108676 97277)
3(109939 113246 107344)
3(89158 108330 89159)
3(94004 94007 109940)
3(91328 113438 90743)
3(107534 108064 102955)
3(103694 94748 105784)
3(90738 106386 88403)
3(103206 89985 89986)
3(112101 95258 95266)
3(112876 112347 100968)
3(104875 104874 100806)
3(107827 107828 105177)
3(87278 106864 106863)
3(112433 104948 109973)
3(103433 103432 92606)
3(99485 98943 112602)
3(108510 98789 98633)
3(112455 112785 110949)
3(103950 102262 98828)
3(104068 104067 91923)
3(109919 112693 111284)
3(106907 106906 90659)
3(100386 101321 100387)
3(101748 101972 109357)
3(103972 112322 96192)
3(107402 112538 109469)
3(99179 102082 100030)
3(106784 93960 93952)
3(106078 97948 98189)
3(105243 106189 100550)
3(105643 92636 92738)
3(104803 105116 88936)
3(109390 113972 105057)
3(105955 105954 87366)
3(105285 87847 88052)
3(103381 105192 89514)
3(93962 94567 106784)
3(101685 112188 103785)
3(97298 97289 112363)
3(97298 112363 97290)
3(103614 109680 96691)
3(112167 103255 103253)
3(109002 113318 109090)
3(103910 103912 103909)
3(106031 90869 90799)
3(90869 106031 90800)
3(103535 108898 108897)
3(97952 106842 96786)
3(109050 112803 102486)
3(113666 111864 111113)
3(112140 94420 94422)
3(113543 104186 87350)
3(103740 103741 90029)
3(97617 103392 97616)
3(103392 103293 97616)
3(105187 105188 103387)
3(106350 113407 111805)
3(107221 90739 91444)
3(93222 109977 110107)
3(92288 102964 92299)
3(102288 102004 102003)
3(102288 102151 102004)
3(108212 104231 108211)
3(109136 113945 102557)
3(107137 113065 107978)
3(105929 105931 88858)
3(103924 93320 93450)
3(105387 105388 103257)
3(103063 106330 106329)
3(106735 100846 86999)
3(113642 112933 107597)
3(97930 97929 104658)
3(103290 103289 101778)
3(113608 103905 105410)
3(107308 108150 100062)
3(100953 113427 110159)
3(92730 105496 92466)
3(92466 109887 92730)
3(97929 105568 104658)
3(106098 95962 106097)
3(99485 101623 114121)
3(104283 104282 104280)
3(111102 112689 111101)
3(102049 106849 102146)
3(102146 106849 113613)
3(102266 103302 91169)
3(113999 113349 105456)
3(104192 93012 93013)
3(98224 112456 110916)
3(94033 94034 102035)
3(102858 107311 106326)
3(92909 112947 103299)
3(108213 102047 102046)
3(105523 105522 104926)
3(106492 94003 94001)
3(111580 113237 94828)
3(101565 108071 103579)
3(109212 110060 113467)
3(90550 102932 91031)
3(92124 112198 110073)
3(98113 106006 98110)
3(14490 103892 14488)
3(96976 96984 102423)
3(87410 112674 111145)
3(108211 104231 109328)
3(107854 104231 108211)
3(104195 114126 87820)
3(105905 105906 104353)
3(91044 101725 90457)
3(113882 109487 109318)
3(104099 109858 107103)
3(112636 109825 107734)
3(87700 87697 101352)
3(109217 109218 106794)
3(113471 103733 106573)
3(102283 113714 108560)
3(98942 113716 98757)
3(98392 98393 103261)
3(102416 105726 105724)
3(103133 103827 90762)
3(103133 107474 103827)
3(102890 108218 89971)
3(102102 102101 102099)
3(107997 93782 105773)
3(90749 104267 91090)
3(104330 104331 106675)
3(104332 104331 104330)
3(108558 96871 106706)
3(109868 102976 102977)
3(104776 102391 90619)
3(104418 104058 112212)
3(106467 106469 106468)
3(109793 109794 104636)
3(101665 93084 93085)
3(112318 102268 105909)
3(110615 105909 102268)
3(104949 102947 103128)
3(101489 101672 87775)
3(101784 98554 97020)
3(104436 101216 100014)
3(104368 97684 103459)
3(107629 104020 104095)
3(104813 104046 112645)
3(113769 111903 112047)
3(104062 105157 112988)
3(103425 92379 92378)
3(109973 109972 104948)
3(97989 97990 113634)
3(101425 112192 110513)
3(108613 112192 101425)
3(97152 102660 97143)
3(100010 109555 100011)
3(101069 103391 99536)
3(110188 89464 110187)
3(113613 106849 90433)
3(113613 102049 106849)
3(90883 106179 91951)
3(109045 102598 101573)
3(108683 105118 106011)
3(108777 108683 106011)
3(104621 104629 104630)
3(103990 95123 94303)
3(95598 95511 106909)
3(98701 113026 98706)
3(108406 89915 89916)
3(91267 107099 103403)
3(103005 101675 103004)
3(101538 109401 107116)
3(100794 112129 100415)
3(112426 106022 110289)
3(106078 107353 107352)
3(104654 92986 92987)
3(107589 107588 103882)
3(101918 101920 101917)
3(101917 110263 101918)
3(107156 96579 96576)
3(106243 107628 92968)
3(112216 109694 103989)
3(107613 106018 100725)
3(101584 98315 96780)
3(109566 109567 108425)
3(106904 97766 96506)
3(91140 101869 90231)
3(110042 104365 88591)
3(102280 89864 89347)
3(109072 112713 109073)
3(101516 100496 99573)
3(102942 102323 107891)
3(108878 97548 97542)
3(102777 95601 95600)
3(108317 89628 89008)
3(96090 107964 109993)
3(101763 113284 105283)
3(101207 101227 110331)
3(108709 102959 97568)
3(108237 104951 109843)
3(101635 103902 103901)
3(96258 96268 102946)
3(105644 98851 107298)
3(107640 107377 103317)
3(102879 102878 95403)
3(96335 108566 96343)
3(99359 107299 100605)
3(103810 104414 104282)
3(104681 93761 93760)
3(91082 102697 91081)
3(105368 95827 107506)
3(102408 106564 106562)
3(108311 98833 105270)
3(103676 88406 88413)
3(108787 105373 105372)
3(101957 94933 94949)
3(109357 109766 105603)
3(91246 105982 107520)
3(107996 99628 100548)
3(89359 101535 89360)
3(105982 107520 106468)
3(107520 105982 106467)
3(111785 108125 111630)
3(103981 103980 104757)
3(104179 93465 93293)
3(104177 104179 93293)
3(93465 104179 104177)
3(112905 94247 102165)
3(107188 107189 99659)
3(113644 93555 93533)
3(92137 106856 92207)
3(106023 101496 101361)
3(107835 107834 107833)
3(109994 106552 109987)
3(103889 91382 91379)
3(103672 103673 103671)
3(114125 93212 93211)
3(102316 87553 87559)
3(103266 103265 14454)
3(98811 98812 104080)
3(104079 98812 98811)
3(104080 98812 104079)
3(103990 95123 104223)
3(95123 103990 112467)
3(87950 107725 87959)
3(103068 102774 103070)
3(102353 99663 99670)
3(102353 99665 99663)
3(108288 104072 99634)
3(101186 109889 100409)
3(105360 101521 102586)
3(112457 100044 103348)
3(107741 103654 107740)
3(108149 104093 105767)
3(95399 112265 95398)
3(98304 109269 107497)
3(99411 105446 108458)
3(99568 106052 100686)
3(108431 100332 99580)
3(110304 102149 100099)
3(106052 100327 100686)
3(105771 105772 94467)
3(106940 106250 106939)
3(113652 109779 112204)
3(106470 94612 94610)
3(106202 106204 106201)
3(87937 105598 89415)
3(101559 103292 91689)
3(101401 103039 103649)
3(113269 110240 107792)
3(107365 94261 93922)
3(107399 102116 107400)
3(104734 104733 104268)
3(109941 109935 99468)
3(102714 91853 91854)
3(113361 98961 98877)
3(111366 112265 102930)
3(112265 110823 102930)
3(111615 112340 109049)
3(108787 104514 105373)
3(103388 103387 103385)
3(89762 105352 89761)
3(107816 107340 107338)
3(112853 103841 106567)
3(101458 90955 90951)
3(108132 99937 100493)
3(104372 107867 97327)
3(103715 113549 91482)
3(107611 97367 97361)
3(109114 109696 95465)
3(108459 106590 88568)
3(104289 108459 88568)
3(97252 96791 104004)
3(97253 104004 96791)
3(110211 109696 109114)
3(94069 112374 94072)
3(98315 101584 96779)
3(91429 102640 91433)
3(113568 113001 106428)
3(102268 113353 105909)
3(108366 112638 109510)
3(110363 112325 105727)
3(103470 101471 109102)
3(110114 110115 108526)
3(109335 91224 91223)
3(102966 103297 107853)
3(102030 102031 102029)
3(103504 103498 103505)
3(102596 102892 106827)
3(102891 102892 102596)
3(99012 104188 106589)
3(100953 113427 100954)
3(107734 112636 111417)
3(111417 109133 107734)
3(104755 104756 104754)
3(105368 113181 95827)
3(105717 105718 105716)
3(107368 102529 113189)
3(113189 102529 104508)
3(88637 103291 89784)
3(105966 91000 90480)
3(98484 113425 98158)
3(101491 101490 101489)
3(101490 112699 101489)
3(106343 106340 101893)
3(106343 106342 106340)
3(103039 103650 103649)
3(106408 109756 109038)
3(104913 102060 103095)
3(93681 93683 107252)
3(108186 107427 108004)
3(109747 109746 91258)
3(103267 99786 99254)
3(104350 113353 105909)
3(99085 104620 99086)
3(106190 99027 99718)
3(112226 93917 93768)
3(95647 106471 94612)
3(101301 95325 95451)
3(113519 102811 109428)
3(110079 113519 109428)
3(112322 101778 109997)
3(92723 109665 103629)
3(106888 106889 90357)
3(101439 106844 103089)
3(98272 108379 96691)
3(97448 104122 97237)
3(112667 106063 92530)
3(105680 110025 103165)
3(112947 92910 92909)
3(104600 101295 110484)
3(104237 107447 104238)
3(105428 105427 104806)
3(105427 105428 107063)
3(112813 108319 104067)
3(108114 106826 104537)
3(107192 112963 107190)
3(106463 92014 108946)
3(91430 103017 91425)
3(87230 87229 109143)
3(107896 103980 104161)
3(109986 109985 108425)
3(96780 101584 98316)
3(94473 107018 109006)
3(113460 106242 112367)
3(103956 103957 103955)
3(112295 108240 87305)
3(104544 109404 93214)
3(104027 98929 110527)
3(94459 112556 94290)
3(90713 101750 90708)
3(107058 101750 90713)
3(105657 105656 103800)
3(87979 102198 88267)
3(98342 107450 97386)
3(92497 110070 110068)
3(99568 106052 99569)
3(89843 113689 90558)
3(106050 104248 99629)
3(104248 106050 99832)
3(113582 101013 112261)
3(101454 105372 104791)
3(107319 105372 101454)
3(107399 105312 109704)
3(93263 104298 93262)
3(104068 109338 91923)
3(101562 109338 104068)
3(109216 95341 95340)
3(105565 102261 105106)
3(102080 99178 99176)
3(104319 106107 101480)
3(108341 100012 109555)
3(106834 112195 110404)
3(112195 110397 110404)
3(106378 90777 90776)
3(103575 103576 103574)
3(100515 109361 100941)
3(111661 112925 108763)
3(112364 101825 111946)
3(90228 107453 90220)
3(103449 107971 91675)
3(103291 91743 91742)
3(105092 106890 106529)
3(104379 104380 104378)
3(107267 92885 92880)
3(103580 108588 110376)
3(98262 113375 98257)
3(106882 108947 97208)
3(106882 108948 108947)
3(101352 88606 88605)
3(110372 103308 108174)
3(101714 98349 98708)
3(105496 105753 92732)
3(105753 113431 92732)
3(101877 107466 88436)
3(104292 106579 102306)
3(102282 106087 102283)
3(102540 87454 87455)
3(87265 102540 87455)
3(102256 102257 91239)
3(109304 91464 109303)
3(103438 103437 87146)
3(106033 88519 88523)
3(101345 91417 91590)
3(104149 95284 95287)
3(101925 104976 102132)
3(109180 105636 103369)
3(91907 112547 91949)
3(108001 106847 109482)
3(101312 104450 104448)
3(106778 106779 98182)
3(97793 113709 97795)
3(108827 98993 99031)
3(103572 98936 98937)
3(109252 101913 101912)
3(109491 101495 101362)
3(106222 100410 100411)
3(109766 103734 105603)
3(97700 113763 97699)
3(107220 107466 88436)
3(108155 107466 107220)
3(106873 112889 105897)
3(111560 112175 90602)
3(112175 111560 91591)
3(91453 107664 109926)
3(110604 110277 106065)
3(89973 108218 102597)
3(98776 103293 103392)
3(103294 103293 98776)
3(107954 108794 107953)
3(112193 105504 98400)
3(108019 108017 109891)
3(105766 106358 106356)
3(108231 110164 109054)
3(109633 109054 110164)
3(102700 113613 106848)
3(104124 112787 108275)
3(105171 112798 108670)
3(104301 101573 104300)
3(109568 99192 99400)
3(14498 104998 14475)
3(104072 108288 106862)
3(104039 114113 102951)
3(103765 108093 103764)
3(108340 108093 103765)
3(107637 101392 109380)
3(113303 102700 104251)
3(112311 111543 92502)
3(111543 112311 92503)
3(91819 108635 91746)
3(107122 112151 109214)
3(98346 101714 98155)
3(98155 113910 98346)
3(90957 109191 90958)
3(104393 113430 101058)
3(102212 99773 100097)
3(105247 90186 90188)
3(90196 105247 90188)
3(101647 101649 101646)
3(101646 101649 108267)
3(110492 106929 103109)
3(103555 107512 107511)
3(102225 107092 93407)
3(109936 109935 109934)
3(108100 108101 105938)
3(108101 108100 109319)
3(96063 108182 96807)
3(107335 113292 103236)
3(95518 95136 101859)
3(95382 102936 95286)
3(107834 96336 108566)
3(113659 99373 99380)
3(89251 105215 88021)
3(105215 103431 88021)
3(96801 101551 96804)
3(90864 113754 103441)
3(108739 105113 102463)
3(112209 107192 112231)
3(102762 102761 102657)
3(104659 104660 97353)
3(110791 113369 111420)
3(105636 108979 103369)
3(98058 109668 98061)
3(110876 112394 94493)
3(98318 102056 96779)
3(105635 105747 101102)
3(112358 108343 112230)
3(103833 87966 87970)
3(103298 103297 92072)
3(104639 90315 90319)
3(90315 104639 90487)
3(95136 95630 101859)
3(103834 101879 90047)
3(111298 113491 104036)
3(109351 103723 106508)
3(106261 108912 108455)
3(108123 105185 108122)
3(105995 87673 87171)
3(89661 106754 89438)
3(104193 89438 106754)
3(14926 102514 14941)
3(100230 106110 99128)
3(103640 95864 95856)
3(101428 101431 103885)
3(113684 108065 110600)
3(109180 101102 105637)
3(87013 105113 87012)
3(104120 103346 90123)
3(103115 108853 108852)
3(107565 97740 107564)
3(104063 104062 90210)
3(104081 102518 104079)
3(106443 101559 103291)
3(88337 104159 88327)
3(103007 108634 93276)
3(108990 109567 109566)
3(108990 108296 109567)
3(102840 102839 102837)
3(107818 104280 107817)
3(90670 101449 90151)
3(102262 98832 98828)
3(105974 106568 109797)
3(101399 105411 106668)
3(110718 113256 104829)
3(100585 108705 100546)
3(107408 110916 113375)
3(95589 103233 95623)
3(94017 113494 104681)
3(102483 93764 101970)
3(102952 97763 97764)
3(102952 109112 97763)
3(112528 102820 104423)
3(112315 103484 91655)
3(112315 90192 103484)
3(107337 102095 110502)
3(109338 108022 104068)
3(104965 104964 104962)
3(108324 104964 104965)
3(102571 104064 104822)
3(89473 102669 102668)
3(109538 98897 109537)
3(92177 113381 92176)
3(108775 101693 110475)
3(110475 101693 101853)
3(103956 112442 108207)
3(112442 103956 103954)
3(110385 110387 102594)
3(108150 100062 100071)
3(97786 112275 97787)
3(113385 98285 113711)
3(105773 107997 110214)
3(89516 102109 89571)
3(113468 89180 89358)
3(104477 89900 112117)
3(89900 104477 89899)
3(112114 101293 102917)
3(102233 106098 95962)
3(112881 103071 108968)
3(97614 108767 96220)
3(104018 94211 94210)
3(87072 106869 87073)
3(94859 101856 107794)
3(110740 105214 113872)
3(101402 105577 105576)
3(103070 102966 103068)
3(109995 97087 107121)
3(108061 108592 108591)
3(102357 113849 108597)
3(106397 105850 14733)
3(102142 102143 102141)
3(112867 96016 96023)
3(107822 107823 87169)
3(88187 103525 87867)
3(93404 105087 93405)
3(109212 110060 110222)
3(101458 90954 90951)
3(101629 101458 90951)
3(103172 108887 109167)
3(103994 99940 99941)
3(102197 109752 105238)
3(113748 113278 104112)
3(95552 95087 105467)
3(106399 104456 104458)
3(103830 102457 90798)
3(102457 103830 90797)
3(108676 98704 97278)
3(107184 107185 106513)
3(102123 112168 101312)
3(88678 108419 87960)
3(95501 95517 103627)
3(90118 112187 90119)
3(99306 105633 100471)
3(108452 99306 100471)
3(103734 103736 103733)
3(89778 103217 103215)
3(105284 113554 101888)
3(107517 88005 88007)
3(88006 107517 88007)
3(102446 113990 109787)
3(104625 105179 103206)
3(103206 104626 104625)
3(112913 113568 106428)
3(113315 94859 107794)
3(105278 102910 101398)
3(112313 102039 89896)
3(105785 107960 87071)
3(107517 88006 88008)
3(105959 105958 102553)
3(113754 90156 90864)
3(103195 106627 93769)
3(108645 101588 108646)
3(107159 103979 108692)
3(104895 110093 103742)
3(101870 106002 104101)
3(97904 102794 113092)
3(106905 104477 108651)
3(112554 113304 106970)
3(102755 101872 102753)
3(101872 105939 102753)
3(103671 103673 103670)
3(110829 92687 101838)
3(110831 110830 109230)
3(99360 105272 99905)
3(105480 105481 107465)
3(112959 107465 105481)
3(87553 109597 87559)
3(108307 105477 101893)
3(110407 109630 109918)
3(106635 102050 102663)
3(111864 113666 104682)
3(106609 101532 102282)
3(106190 106604 106607)
3(102423 102422 98619)
3(110654 109536 102963)
3(109536 95248 102963)
3(104599 106075 105052)
3(109583 109584 101507)
3(101507 108274 109583)
3(114020 113340 94960)
3(110604 110277 106880)
3(90656 113589 105992)
3(105775 109967 105774)
3(101737 113363 101673)
3(103142 103273 103270)
3(91797 101750 90720)
3(104624 100789 100788)
3(108729 108730 92138)
3(97264 97271 106221)
3(99158 113712 109248)
3(97635 102435 97295)
3(92098 106163 92110)
3(113236 113742 94237)
3(108144 102859 113019)
3(102868 103896 103895)
3(102630 102632 102419)
3(89426 88965 105203)
3(104825 102281 102279)
3(102782 109535 112971)
3(105446 108458 108638)
3(101854 101855 101848)
3(105052 104196 99918)
3(88553 105502 105500)
3(105000 104382 102499)
3(102197 103586 106572)
3(90059 105696 91259)
3(103777 97064 97063)
3(106334 109717 109716)
3(92911 103299 92909)
3(108761 92909 103299)
3(87829 113552 88002)
3(100836 104072 100832)
3(90064 108869 90072)
3(109113 114087 95070)
3(101659 102260 102258)
3(92877 92882 109093)
3(92875 109093 92882)
3(104477 113931 108651)
3(105819 91433 91429)
3(99520 112357 99527)
3(104258 105443 95954)
3(102755 101448 101449)
3(109034 107596 87195)
3(97503 97504 104339)
3(14762 103274 14755)
3(98934 113765 98935)
3(98933 113765 98934)
3(104023 88061 88064)
3(109246 109852 108718)
3(109852 109246 104372)
3(104763 100267 101195)
3(88797 110678 88798)
3(99803 106406 113380)
3(105756 102310 108953)
3(105806 102212 104938)
3(109153 113434 97961)
3(108825 101135 100499)
3(113295 108669 108668)
3(101275 101274 92436)
3(87280 104648 87271)
3(99764 104861 99981)
3(108444 107353 109570)
3(101371 91607 91605)
3(86932 103313 14725)
3(97421 103703 97420)
3(105210 112261 103724)
3(95591 112246 95592)
3(112246 95591 95504)
3(110928 108286 110927)
3(87406 110237 105600)
3(107546 103168 107548)
3(90895 107031 90894)
3(103639 90108 109640)
3(112925 108763 109387)
3(102588 102587 93340)
3(105640 104202 105642)
3(108759 114007 104555)
3(101276 108467 108466)
3(113510 112305 102217)
3(113787 108552 104787)
3(108552 113787 101470)
3(106753 106234 109858)
3(101737 106711 101738)
3(104385 108002 108412)
3(94296 104223 113642)
3(103627 104308 95517)
3(106874 108872 90535)
3(101622 100777 109345)
3(104685 101392 104926)
3(104755 106456 109012)
3(87165 102651 87610)
3(104308 103627 95501)
3(101361 101362 97866)
3(98892 108978 98893)
3(113660 92061 92079)
3(103394 113682 102434)
3(102479 102480 94408)
3(113466 102479 94408)
3(99807 112555 99804)
3(111298 113491 103033)
3(106527 106528 103419)
3(108074 108073 109389)
3(108074 108075 108073)
3(104096 94954 94946)
3(104062 90204 90207)
3(107090 109618 101766)
3(106809 14741 86961)
3(100133 104924 100169)
3(100169 104869 100133)
3(103299 108761 92911)
3(113184 102728 102289)
3(106045 104868 106044)
3(101761 102530 101371)
3(108218 102597 89972)
3(92378 110522 92285)
3(102151 102150 102148)
3(106746 91888 108070)
3(105745 106673 110294)
3(101705 108630 89632)
3(92855 104455 92854)
3(102126 105870 101686)
3(108314 101686 105870)
3(109487 112860 108983)
3(102992 113440 101852)
3(104118 99604 105400)
3(107698 89278 102500)
3(102144 102145 99181)
3(98571 106618 106617)
3(110492 103109 102838)
3(102725 95464 109528)
3(95459 95627 106133)
3(87868 103525 88187)
3(92114 101410 91411)
3(104126 104125 102701)
3(103026 103027 89549)
3(103027 112709 89549)
3(90705 106922 89709)
3(109931 113406 101314)
3(105423 105424 88909)
3(104211 103295 104161)
3(97506 105901 97509)
3(100557 104481 100567)
3(107998 97825 96072)
3(104138 104139 104081)
3(113491 104402 101717)
3(104402 113491 103033)
3(104640 104643 108697)
3(110767 106124 111477)
3(104778 104779 104777)
3(98791 110509 98795)
3(104129 100851 100852)
3(112314 108504 102074)
3(105447 104528 110967)
3(104410 112634 88320)
3(99084 105389 104884)
3(101291 102666 94776)
3(106867 105205 98201)
3(104407 88999 90315)
3(90315 104639 104407)
3(102624 102623 102622)
3(109704 107399 105310)
3(108215 106476 107374)
3(96426 105611 98005)
3(105611 98006 98005)
3(109221 109637 109477)
3(99349 104080 98812)
3(98812 112721 99349)
3(107500 92583 92702)
3(104259 95942 95945)
3(95942 104259 95944)
3(106877 103928 106876)
3(104199 104385 100234)
3(105199 108812 107175)
3(103731 103732 98303)
3(99816 107871 104939)
3(108534 95557 95684)
3(101670 107889 107888)
3(112616 111915 103467)
3(104452 105733 105732)
3(106330 108232 103641)
3(101295 101294 101293)
3(94500 106398 94508)
3(107138 103052 105082)
3(88825 107466 104840)
3(112973 105394 90867)
3(103484 91655 90192)
3(98936 103572 95884)
3(103571 103572 98936)
3(108403 105351 101936)
3(103557 92554 92754)
3(103964 103557 92754)
3(103557 103964 92554)
3(107932 93021 93022)
3(112156 97670 102274)
3(101561 101562 90857)
3(89293 103541 89488)
3(102120 98966 98602)
3(90281 102052 90284)
3(102052 90285 90284)
3(106840 106839 87259)
3(108080 108079 112675)
3(114004 103044 108871)
3(109468 108295 105761)
3(108509 93382 93383)
3(92194 110730 92186)
3(113494 111113 112174)
3(108637 102645 103731)
3(104524 109356 108029)
3(104931 89430 89704)
3(113743 93940 93939)
3(97212 106669 98290)
3(103293 103294 98378)
3(103462 101898 101997)
3(106384 101898 103462)
3(97283 107351 98389)
3(105604 105603 105602)
3(105602 105803 105604)
3(95106 95116 106668)
3(109483 107451 101909)
3(103648 104862 103350)
3(102699 89084 89092)
3(102699 89083 89084)
3(104934 89704 89703)
3(104934 113322 89704)
3(113322 89703 89704)
3(104934 89703 113322)
3(108451 107766 91804)
3(106953 106952 106951)
3(103020 106122 107456)
3(109712 105413 102187)
3(104203 108848 104359)
3(112473 112285 98634)
3(101957 101956 101314)
3(101956 101957 101315)
3(111025 110413 111026)
3(99719 102545 99276)
3(97594 110438 97885)
3(110445 110404 105520)
3(108374 110825 102545)
3(110825 113555 102545)
3(102545 113555 108374)
3(113555 110825 108374)
3(106995 102438 106994)
3(108194 113385 111031)
3(108841 100077 95789)
3(112662 107444 107436)
3(111889 112724 108327)
3(107758 106602 108500)
3(101510 107841 101883)
3(105425 88010 88011)
3(106829 90055 101769)
3(101344 104611 101987)
3(95318 95203 108255)
3(108263 110340 87563)
3(101657 109060 108716)
3(88534 113722 109917)
3(113266 112098 107989)
3(108159 88915 89017)
3(93389 93482 103482)
3(103185 103186 100206)
3(92195 101983 105590)
3(105090 105092 105089)
3(90987 105516 90719)
3(103230 103232 101567)
3(101567 102075 103230)
3(101455 101454 101453)
3(109172 110045 105019)
3(103288 103290 101778)
3(106640 113400 108690)
3(98721 112470 98717)
3(96190 112322 96192)
3(103692 103691 103689)
3(104750 91810 86940)
3(96904 101788 95879)
3(101788 95870 95879)
3(102172 102173 103405)
3(107515 108095 102099)
3(108209 113138 104163)
3(104183 94471 94475)
3(102476 113795 105623)
3(99276 102546 99277)
3(107685 87129 88075)
3(109222 109223 103929)
3(106815 105467 95552)
3(103567 109291 103234)
3(103567 103234 103566)
3(103758 101551 96801)
3(88236 102971 88237)
3(88238 102971 88236)
3(101858 102672 102670)
3(92517 101536 92479)
3(106728 106727 101304)
3(106083 103574 107592)
3(112576 103056 102948)
3(89786 102000 87558)
3(109059 101552 109510)
3(113425 113000 105139)
3(87316 110521 87315)
3(102328 113446 106226)
3(114044 92990 112061)
3(96402 96401 102129)
3(112568 106454 103460)
3(108161 102738 109990)
3(112405 88891 88895)
3(104747 94161 93942)
3(102623 89888 90152)
3(103792 102623 90152)
3(107217 108800 108813)
3(104369 112412 112413)
3(94528 104035 94487)
3(108207 103956 109252)
3(108208 103956 108207)
3(106447 89262 89261)
3(108070 90740 90398)
3(109397 109398 91369)
3(107209 93542 94411)
3(97625 104516 97391)
3(102442 100261 102440)
3(102442 102440 103509)
3(103654 107742 87219)
3(14713 86910 14504)
3(88340 102000 89786)
3(102971 88238 88033)
3(113454 114065 112505)
3(94691 93978 102615)
3(109018 104800 106620)
3(104304 107162 100980)
3(107162 104304 99759)
3(99084 105389 106599)
3(89250 108276 89277)
3(106757 101810 106756)
3(110525 103957 103955)
3(102189 104239 110314)
3(101293 108687 101294)
3(91190 104032 91186)
3(98492 107796 98469)
3(108420 109393 103167)
3(105041 103870 88668)
3(93819 106123 94132)
3(90880 105612 90871)
3(100416 112129 100794)
3(103296 104211 104161)
3(112160 113761 112161)
3(90686 90687 113191)
3(94866 112186 94758)
3(103949 106504 96656)
3(109076 104664 109075)
3(108820 101737 103643)
3(113363 103643 101737)
3(108279 102568 104822)
3(104822 103148 108279)
3(108279 103148 102568)
3(108439 97549 98161)
3(105893 105892 105891)
3(105271 105270 97393)
3(110271 101974 109479)
3(108151 106901 106900)
3(106901 102636 106900)
3(107394 113491 101694)
3(101415 100745 87000)
3(100744 101415 87000)
3(105384 105385 105383)
3(101157 109801 101156)
3(101156 109801 101218)
3(92845 108254 92844)
3(102000 88340 87558)
3(107770 108347 101939)
3(109917 113722 88535)
3(95409 109775 108219)
3(106235 106996 106990)
3(104573 87645 87648)
3(96470 113077 96467)
3(104410 88320 89097)
3(104410 89097 89086)
3(109730 100376 101428)
3(103055 94158 94159)
3(113346 103055 94159)
3(87273 105913 104647)
3(101526 101525 101524)
3(106215 112260 95999)
3(102511 102510 102509)
3(101424 90443 90452)
3(104170 104171 109257)
3(103502 103501 103499)
3(106076 107534 107353)
3(89986 108167 90417)
3(91607 91600 101371)
3(95620 114054 95619)
3(113313 110215 106315)
3(102246 101178 102245)
3(109175 109176 102257)
3(90227 107453 90220)
3(101687 101688 99867)
3(107392 101688 101687)
3(92247 103160 92251)
3(100515 113261 100941)
3(103784 102127 101685)
3(103027 90209 108811)
3(107568 108802 107569)
3(108586 94503 94521)
3(112832 100833 100832)
3(102689 93360 93361)
3(101542 102522 86975)
3(102470 102471 102469)
3(110213 111028 98807)
3(104362 102993 101995)
3(103828 102142 103167)
3(102142 109393 103167)
3(109360 97291 99016)
3(89418 105598 89415)
3(108555 106264 93508)
3(104404 104405 104367)
3(106391 91267 103403)
3(104993 103536 103221)
3(93382 110242 93310)
3(112960 107616 102131)
3(104549 108625 104550)
3(112417 89579 90027)
3(87014 108543 87015)
3(110889 110888 103915)
3(105387 107099 91271)
3(100106 106044 100108)
3(100108 104868 100106)
3(106044 100106 104868)
3(109524 109403 104797)
3(99922 97838 103393)
3(87677 108292 87680)
3(109093 113038 92882)
3(92882 109183 109093)
3(94500 106398 94504)
3(106398 94501 94504)
3(99748 106947 100514)
3(100514 106947 100515)
3(112241 98449 101977)
3(108040 107909 92056)
3(101602 103657 101599)
3(107310 102858 106326)
3(102858 107833 106326)
3(107319 105372 104791)
3(113608 102211 103905)
3(101832 113608 103905)
3(89822 104737 89261)
3(109826 102279 104825)
3(104213 98911 97586)
3(104527 101586 88324)
3(94251 104842 94290)
3(105514 105515 101722)
3(109830 110983 104213)
3(112825 97805 96485)
3(104045 90887 90666)
3(108249 102679 102678)
3(106533 92841 92912)
3(96191 103972 96192)
3(103972 96190 96192)
3(113604 104652 90551)
3(105414 101285 105413)
3(109949 105639 108053)
3(111148 92525 107341)
3(113672 105743 107562)
3(113861 111444 108425)
3(107592 111058 103574)
3(113542 107291 107128)
3(94737 113607 94738)
3(114003 93126 109194)
3(95935 104038 96059)
3(109716 104525 107999)
3(108177 108178 97704)
3(109866 103745 109865)
3(102125 14472 14474)
3(113490 111298 104036)
